219.5055000000008
1
13 21
1 1 1 1 1 1 1 1 1 1 1 1 1 1 1 1 1 1 1 1 1 
1 3 3 3 3 0 0 4 0 0 6 6 6 6 6 6 6 6 5 5 1 
1 3 1 3 1 0 1 4 1 0 1 6 1 4 1 6 1 5 1 5 1 
1 3 3 3 3 6 0 6 6 4 6 6 6 6 6 6 6 6 6 6 1 
1 6 1 3 1 6 1 4 1 4 1 6 1 6 1 6 1 6 1 5 1 
1 6 6 6 6 6 0 4 5 4 5 6 5 6 5 6 4 6 4 4 1 
1 3 1 3 1 6 1 6 1 4 1 6 1 6 1 6 1 6 1 0 1 
1 6 6 6 6 4 4 4 4 4 4 4 4 4 6 6 5 6 4 4 1 
1 3 1 6 1 6 1 6 1 4 1 6 1 6 1 6 1 6 1 4 1 
1 6 6 6 6 6 6 6 4 4 4 6 4 6 4 6 6 6 6 6 1 
1 3 1 6 1 6 1 6 1 4 1 6 1 6 1 6 1 6 1 4 1 
1 3 3 3 3 3 3 6 2 0 0 6 6 6 6 6 6 6 6 6 1 
1 1 1 1 1 1 1 1 1 1 1 1 1 1 1 1 1 1 1 1 1 
0
1
11 7 1 4 1 4 0 2
1
1 9 3
